8.700726620801500388e+00
1.880000000000000000e+03
1.880000000000000000e+03
1.871000000000000000e+03
1.838000000000000000e+03
1.861000000000000000e+03
1.864000000000000000e+03
1.856000000000000000e+03
1.842000000000000000e+03
1.824000000000000000e+03
1.844000000000000000e+03
1.858000000000000000e+03
1.834000000000000000e+03
1.820000000000000000e+03
1.800000000000000000e+03
1.794000000000000000e+03
1.801000000000000000e+03
1.795000000000000000e+03
1.798000000000000000e+03
1.788000000000000000e+03
1.771000000000000000e+03
1.770000000000000000e+03
1.747000000000000000e+03
1.764000000000000000e+03
1.753000000000000000e+03
1.759000000000000000e+03
1.739000000000000000e+03
1.738000000000000000e+03
1.733000000000000000e+03
1.727000000000000000e+03
1.729000000000000000e+03
1.722000000000000000e+03
0.000000000000000000e+00
