1.852018518300368732e-01
3.720000000000000000e+02
1.000000000000000000e+02
1.030000000000000000e+02
1.150000000000000000e+02
1.250000000000000000e+02
1.230000000000000000e+02
1.410000000000000000e+02
1.350000000000000000e+02
1.328000000000000000e+03
1.311000000000000000e+03
1.309000000000000000e+03
1.304000000000000000e+03
1.307000000000000000e+03
1.312000000000000000e+03
1.298000000000000000e+03
1.297000000000000000e+03
1.303000000000000000e+03
1.303000000000000000e+03
1.304000000000000000e+03
1.306000000000000000e+03
1.298000000000000000e+03
1.295000000000000000e+03
1.290000000000000000e+03
1.284000000000000000e+03
1.301000000000000000e+03
1.299000000000000000e+03
1.291000000000000000e+03
1.288000000000000000e+03
1.287000000000000000e+03
1.299000000000000000e+03
1.300000000000000000e+03
1.286000000000000000e+03
1.299000000000000000e+03
1.297000000000000000e+03
1.287000000000000000e+03
1.290000000000000000e+03
1.294000000000000000e+03
1.299000000000000000e+03
1.296000000000000000e+03
1.307000000000000000e+03
1.304000000000000000e+03
1.302000000000000000e+03
1.299000000000000000e+03
1.304000000000000000e+03
1.303000000000000000e+03
1.308000000000000000e+03
1.299000000000000000e+03
1.298000000000000000e+03
1.302000000000000000e+03
1.306000000000000000e+03
1.302000000000000000e+03
1.300000000000000000e+03
1.300000000000000000e+03
1.311000000000000000e+03
1.308000000000000000e+03
1.313000000000000000e+03
1.313000000000000000e+03
1.321000000000000000e+03
1.316000000000000000e+03
1.321000000000000000e+03
1.318000000000000000e+03
1.318000000000000000e+03
1.319000000000000000e+03
1.310000000000000000e+03
1.307000000000000000e+03
1.301000000000000000e+03
1.296000000000000000e+03
1.305000000000000000e+03
1.306000000000000000e+03
1.300000000000000000e+03
1.301000000000000000e+03
1.304000000000000000e+03
1.307000000000000000e+03
1.307000000000000000e+03
1.313000000000000000e+03
1.318000000000000000e+03
1.317000000000000000e+03
1.319000000000000000e+03
1.317000000000000000e+03
1.312000000000000000e+03
1.321000000000000000e+03
1.318000000000000000e+03
1.318000000000000000e+03
1.321000000000000000e+03
1.314000000000000000e+03
1.309000000000000000e+03
1.310000000000000000e+03
1.317000000000000000e+03
1.316000000000000000e+03
1.314000000000000000e+03
1.316000000000000000e+03
1.324000000000000000e+03
1.322000000000000000e+03
1.317000000000000000e+03
1.410000000000000000e+02
1.410000000000000000e+02
1.360000000000000000e+02
1.410000000000000000e+02
1.400000000000000000e+02
1.350000000000000000e+02
1.380000000000000000e+02
1.420000000000000000e+02
1.350000000000000000e+02
1.340000000000000000e+02
1.390000000000000000e+02
0.000000000000000000e+00
