5.698706047197173996e-01
3.680000000000000000e+02
3.890000000000000000e+02
3.930000000000000000e+02
3.970000000000000000e+02
3.970000000000000000e+02
4.010000000000000000e+02
4.010000000000000000e+02
4.040000000000000000e+02
4.050000000000000000e+02
4.050000000000000000e+02
4.050000000000000000e+02
4.070000000000000000e+02
4.040000000000000000e+02
4.060000000000000000e+02
4.050000000000000000e+02
4.070000000000000000e+02
4.060000000000000000e+02
4.060000000000000000e+02
4.060000000000000000e+02
4.060000000000000000e+02
4.080000000000000000e+02
4.070000000000000000e+02
4.080000000000000000e+02
4.080000000000000000e+02
4.090000000000000000e+02
4.090000000000000000e+02
4.080000000000000000e+02
4.090000000000000000e+02
4.090000000000000000e+02
4.070000000000000000e+02
4.060000000000000000e+02
4.060000000000000000e+02
4.050000000000000000e+02
4.060000000000000000e+02
4.080000000000000000e+02
4.080000000000000000e+02
4.060000000000000000e+02
4.080000000000000000e+02
4.090000000000000000e+02
4.090000000000000000e+02
4.090000000000000000e+02
4.080000000000000000e+02
4.100000000000000000e+02
4.100000000000000000e+02
4.090000000000000000e+02
4.110000000000000000e+02
4.090000000000000000e+02
4.060000000000000000e+02
4.090000000000000000e+02
4.090000000000000000e+02
4.080000000000000000e+02
4.090000000000000000e+02
4.090000000000000000e+02
4.090000000000000000e+02
4.070000000000000000e+02
4.080000000000000000e+02
4.100000000000000000e+02
4.100000000000000000e+02
4.090000000000000000e+02
4.090000000000000000e+02
4.100000000000000000e+02
4.100000000000000000e+02
4.090000000000000000e+02
4.100000000000000000e+02
4.090000000000000000e+02
4.090000000000000000e+02
4.070000000000000000e+02
4.080000000000000000e+02
0.000000000000000000e+00
