4.127631696146038642e+00
7.820000000000000000e+02
7.770000000000000000e+02
7.710000000000000000e+02
8.150000000000000000e+02
5.920000000000000000e+02
6.050000000000000000e+02
5.670000000000000000e+02
5.860000000000000000e+02
5.830000000000000000e+02
5.590000000000000000e+02
5.870000000000000000e+02
5.830000000000000000e+02
5.640000000000000000e+02
5.890000000000000000e+02
5.720000000000000000e+02
5.930000000000000000e+02
5.400000000000000000e+02
5.450000000000000000e+02
5.410000000000000000e+02
5.460000000000000000e+02
5.420000000000000000e+02
5.510000000000000000e+02
5.640000000000000000e+02
5.760000000000000000e+02
5.410000000000000000e+02
5.580000000000000000e+02
5.530000000000000000e+02
5.930000000000000000e+02
5.720000000000000000e+02
5.450000000000000000e+02
5.640000000000000000e+02
5.600000000000000000e+02
5.670000000000000000e+02
5.400000000000000000e+02
0.000000000000000000e+00
