3.600000000000000000e+01
3.000000000000000000e+01
3.500000000000000000e+01
4.000000000000000000e+01
2.400000000000000000e+01
2.900000000000000000e+01
5.900000000000000000e+01
4.600000000000000000e+01
4.500000000000000000e+01
4.000000000000000000e+01
4.000000000000000000e+01
3.400000000000000000e+01
2.700000000000000000e+01
2.700000000000000000e+01
3.100000000000000000e+01
3.200000000000000000e+01
2.800000000000000000e+01
2.400000000000000000e+01
1.900000000000000000e+01
1.500000000000000000e+01
2.100000000000000000e+01
5.100000000000000000e+01
1.820000000000000000e+02
2.660000000000000000e+02
3.140000000000000000e+02
3.350000000000000000e+02
2.640000000000000000e+02
1.820000000000000000e+02
1.670000000000000000e+02
1.620000000000000000e+02
2.370000000000000000e+02
2.530000000000000000e+02
2.360000000000000000e+02
1.950000000000000000e+02
1.990000000000000000e+02
2.140000000000000000e+02
1.920000000000000000e+02
1.710000000000000000e+02
1.610000000000000000e+02
1.840000000000000000e+02
1.810000000000000000e+02
1.860000000000000000e+02
1.840000000000000000e+02
1.700000000000000000e+02
1.840000000000000000e+02
1.600000000000000000e+02
1.700000000000000000e+02
1.660000000000000000e+02
1.730000000000000000e+02
1.780000000000000000e+02
1.720000000000000000e+02
1.920000000000000000e+02
1.720000000000000000e+02
1.770000000000000000e+02
2.100000000000000000e+02
1.550000000000000000e+02
1.780000000000000000e+02
2.100000000000000000e+02
1.720000000000000000e+02
1.650000000000000000e+02
1.080000000000000000e+02
1.320000000000000000e+02
1.120000000000000000e+02
1.070000000000000000e+02
1.270000000000000000e+02
9.900000000000000000e+01
8.700000000000000000e+01
5.100000000000000000e+01
6.700000000000000000e+01
9.300000000000000000e+01
7.400000000000000000e+01
7.900000000000000000e+01
7.400000000000000000e+01
9.200000000000000000e+01
8.000000000000000000e+01
5.400000000000000000e+01
3.100000000000000000e+01
4.100000000000000000e+01
4.000000000000000000e+01
4.400000000000000000e+01
3.900000000000000000e+01
5.400000000000000000e+01
6.000000000000000000e+01
5.500000000000000000e+01
5.100000000000000000e+01
4.900000000000000000e+01
4.000000000000000000e+01
7.700000000000000000e+01
3.600000000000000000e+01
2.800000000000000000e+01
1.500000000000000000e+01
2.000000000000000000e+01
2.600000000000000000e+01
3.600000000000000000e+01
4.400000000000000000e+01
2.000000000000000000e+01
