6.320510418972690836e+00
1.770000000000000000e+02
1.810000000000000000e+02
1.830000000000000000e+02
1.800000000000000000e+02
1.820000000000000000e+02
1.770000000000000000e+02
1.780000000000000000e+02
1.710000000000000000e+02
1.710000000000000000e+02
1.690000000000000000e+02
1.660000000000000000e+02
1.670000000000000000e+02
1.650000000000000000e+02
1.680000000000000000e+02
1.670000000000000000e+02
1.650000000000000000e+02
1.630000000000000000e+02
1.650000000000000000e+02
1.630000000000000000e+02
1.650000000000000000e+02
1.660000000000000000e+02
1.650000000000000000e+02
1.670000000000000000e+02
1.650000000000000000e+02
1.640000000000000000e+02
1.620000000000000000e+02
1.620000000000000000e+02
1.620000000000000000e+02
1.670000000000000000e+02
1.650000000000000000e+02
1.640000000000000000e+02
1.640000000000000000e+02
1.630000000000000000e+02
1.630000000000000000e+02
1.630000000000000000e+02
1.640000000000000000e+02
1.600000000000000000e+02
1.610000000000000000e+02
1.620000000000000000e+02
1.620000000000000000e+02
1.640000000000000000e+02
1.640000000000000000e+02
1.590000000000000000e+02
1.610000000000000000e+02
1.630000000000000000e+02
1.610000000000000000e+02
1.620000000000000000e+02
1.620000000000000000e+02
1.590000000000000000e+02
1.590000000000000000e+02
1.620000000000000000e+02
1.610000000000000000e+02
1.630000000000000000e+02
1.610000000000000000e+02
1.590000000000000000e+02
1.610000000000000000e+02
1.620000000000000000e+02
1.580000000000000000e+02
1.590000000000000000e+02
1.580000000000000000e+02
1.590000000000000000e+02
1.600000000000000000e+02
1.610000000000000000e+02
1.560000000000000000e+02
1.600000000000000000e+02
1.580000000000000000e+02
1.600000000000000000e+02
1.610000000000000000e+02
1.580000000000000000e+02
1.580000000000000000e+02
1.580000000000000000e+02
1.580000000000000000e+02
1.590000000000000000e+02
1.600000000000000000e+02
1.580000000000000000e+02
1.600000000000000000e+02
1.590000000000000000e+02
1.580000000000000000e+02
1.600000000000000000e+02
1.600000000000000000e+02
1.570000000000000000e+02
1.600000000000000000e+02
1.570000000000000000e+02
1.570000000000000000e+02
1.590000000000000000e+02
1.560000000000000000e+02
1.590000000000000000e+02
1.550000000000000000e+02
1.600000000000000000e+02
1.580000000000000000e+02
1.570000000000000000e+02
1.590000000000000000e+02
1.570000000000000000e+02
1.590000000000000000e+02
1.560000000000000000e+02
1.580000000000000000e+02
1.550000000000000000e+02
1.560000000000000000e+02
1.600000000000000000e+02
1.550000000000000000e+02
1.580000000000000000e+02
1.570000000000000000e+02
1.580000000000000000e+02
1.570000000000000000e+02
1.580000000000000000e+02
1.580000000000000000e+02
1.580000000000000000e+02
1.570000000000000000e+02
1.570000000000000000e+02
1.570000000000000000e+02
1.570000000000000000e+02
1.570000000000000000e+02
1.560000000000000000e+02
1.590000000000000000e+02
1.570000000000000000e+02
1.560000000000000000e+02
1.570000000000000000e+02
1.560000000000000000e+02
1.590000000000000000e+02
1.550000000000000000e+02
1.570000000000000000e+02
1.550000000000000000e+02
1.590000000000000000e+02
1.550000000000000000e+02
1.570000000000000000e+02
1.570000000000000000e+02
1.580000000000000000e+02
1.590000000000000000e+02
1.560000000000000000e+02
1.570000000000000000e+02
1.570000000000000000e+02
1.560000000000000000e+02
1.560000000000000000e+02
1.580000000000000000e+02
1.570000000000000000e+02
1.580000000000000000e+02
1.540000000000000000e+02
1.560000000000000000e+02
1.530000000000000000e+02
1.560000000000000000e+02
1.570000000000000000e+02
1.540000000000000000e+02
1.560000000000000000e+02
1.560000000000000000e+02
1.550000000000000000e+02
1.570000000000000000e+02
1.550000000000000000e+02
1.530000000000000000e+02
1.560000000000000000e+02
1.540000000000000000e+02
1.520000000000000000e+02
4.500000000000000000e+02
0.000000000000000000e+00
