5.272002835441136348e+00
2.860000000000000000e+02
1.923000000000000000e+03
1.916000000000000000e+03
1.924000000000000000e+03
1.899000000000000000e+03
1.916000000000000000e+03
1.902000000000000000e+03
1.905000000000000000e+03
1.885000000000000000e+03
1.877000000000000000e+03
1.863000000000000000e+03
1.869000000000000000e+03
1.859000000000000000e+03
1.845000000000000000e+03
1.844000000000000000e+03
1.841000000000000000e+03
1.834000000000000000e+03
1.840000000000000000e+03
1.829000000000000000e+03
1.825000000000000000e+03
1.819000000000000000e+03
0.000000000000000000e+00
