4.869420577280932916e-01
7.400000000000000000e+01
7.700000000000000000e+01
8.000000000000000000e+01
8.100000000000000000e+01
8.100000000000000000e+01
8.100000000000000000e+01
8.100000000000000000e+01
8.100000000000000000e+01
8.100000000000000000e+01
8.000000000000000000e+01
1.700000000000000000e+02
1.740000000000000000e+02
1.770000000000000000e+02
1.790000000000000000e+02
1.790000000000000000e+02
1.760000000000000000e+02
1.750000000000000000e+02
1.740000000000000000e+02
1.730000000000000000e+02
1.730000000000000000e+02
2.560000000000000000e+02
2.570000000000000000e+02
2.610000000000000000e+02
2.630000000000000000e+02
2.670000000000000000e+02
2.660000000000000000e+02
2.690000000000000000e+02
2.700000000000000000e+02
2.700000000000000000e+02
2.730000000000000000e+02
2.730000000000000000e+02
2.700000000000000000e+02
2.690000000000000000e+02
2.690000000000000000e+02
2.680000000000000000e+02
2.680000000000000000e+02
2.630000000000000000e+02
2.620000000000000000e+02
2.610000000000000000e+02
2.600000000000000000e+02
2.570000000000000000e+02
2.550000000000000000e+02
2.570000000000000000e+02
2.550000000000000000e+02
2.530000000000000000e+02
2.530000000000000000e+02
2.540000000000000000e+02
2.540000000000000000e+02
2.530000000000000000e+02
2.520000000000000000e+02
2.530000000000000000e+02
2.530000000000000000e+02
2.520000000000000000e+02
2.500000000000000000e+02
2.500000000000000000e+02
2.500000000000000000e+02
2.480000000000000000e+02
2.490000000000000000e+02
2.490000000000000000e+02
2.490000000000000000e+02
2.490000000000000000e+02
2.480000000000000000e+02
2.480000000000000000e+02
2.520000000000000000e+02
2.490000000000000000e+02
2.500000000000000000e+02
2.470000000000000000e+02
2.490000000000000000e+02
2.510000000000000000e+02
2.500000000000000000e+02
2.470000000000000000e+02
2.490000000000000000e+02
2.500000000000000000e+02
2.480000000000000000e+02
2.480000000000000000e+02
2.500000000000000000e+02
2.490000000000000000e+02
2.490000000000000000e+02
2.470000000000000000e+02
2.490000000000000000e+02
2.500000000000000000e+02
2.500000000000000000e+02
2.480000000000000000e+02
2.490000000000000000e+02
2.490000000000000000e+02
2.490000000000000000e+02
2.500000000000000000e+02
2.500000000000000000e+02
2.500000000000000000e+02
2.510000000000000000e+02
2.490000000000000000e+02
2.500000000000000000e+02
2.490000000000000000e+02
2.490000000000000000e+02
2.480000000000000000e+02
2.500000000000000000e+02
2.500000000000000000e+02
2.490000000000000000e+02
2.490000000000000000e+02
2.490000000000000000e+02
2.480000000000000000e+02
2.470000000000000000e+02
2.510000000000000000e+02
2.500000000000000000e+02
2.510000000000000000e+02
2.510000000000000000e+02
2.510000000000000000e+02
2.480000000000000000e+02
2.470000000000000000e+02
2.500000000000000000e+02
2.500000000000000000e+02
2.500000000000000000e+02
2.500000000000000000e+02
2.510000000000000000e+02
2.510000000000000000e+02
2.500000000000000000e+02
2.520000000000000000e+02
2.500000000000000000e+02
2.500000000000000000e+02
2.500000000000000000e+02
2.480000000000000000e+02
2.510000000000000000e+02
2.490000000000000000e+02
2.490000000000000000e+02
2.490000000000000000e+02
2.480000000000000000e+02
2.500000000000000000e+02
2.480000000000000000e+02
2.480000000000000000e+02
2.500000000000000000e+02
2.500000000000000000e+02
2.490000000000000000e+02
2.460000000000000000e+02
2.460000000000000000e+02
2.480000000000000000e+02
2.500000000000000000e+02
2.470000000000000000e+02
2.470000000000000000e+02
2.480000000000000000e+02
2.490000000000000000e+02
2.530000000000000000e+02
2.530000000000000000e+02
2.530000000000000000e+02
2.520000000000000000e+02
2.510000000000000000e+02
2.520000000000000000e+02
2.480000000000000000e+02
2.490000000000000000e+02
2.460000000000000000e+02
2.450000000000000000e+02
2.470000000000000000e+02
2.460000000000000000e+02
2.450000000000000000e+02
2.460000000000000000e+02
2.450000000000000000e+02
2.470000000000000000e+02
2.490000000000000000e+02
2.480000000000000000e+02
2.450000000000000000e+02
2.480000000000000000e+02
2.460000000000000000e+02
2.440000000000000000e+02
2.480000000000000000e+02
2.460000000000000000e+02
2.480000000000000000e+02
2.470000000000000000e+02
2.470000000000000000e+02
2.440000000000000000e+02
2.460000000000000000e+02
2.460000000000000000e+02
2.450000000000000000e+02
2.450000000000000000e+02
2.440000000000000000e+02
2.440000000000000000e+02
2.450000000000000000e+02
2.470000000000000000e+02
2.460000000000000000e+02
2.470000000000000000e+02
2.450000000000000000e+02
2.450000000000000000e+02
2.470000000000000000e+02
2.470000000000000000e+02
2.460000000000000000e+02
2.450000000000000000e+02
2.480000000000000000e+02
2.480000000000000000e+02
2.450000000000000000e+02
2.470000000000000000e+02
2.430000000000000000e+02
2.460000000000000000e+02
2.430000000000000000e+02
2.460000000000000000e+02
2.490000000000000000e+02
2.460000000000000000e+02
2.490000000000000000e+02
2.440000000000000000e+02
2.460000000000000000e+02
2.450000000000000000e+02
2.450000000000000000e+02
2.440000000000000000e+02
2.460000000000000000e+02
2.450000000000000000e+02
2.430000000000000000e+02
2.440000000000000000e+02
2.460000000000000000e+02
2.440000000000000000e+02
2.430000000000000000e+02
1.770000000000000000e+02
1.820000000000000000e+02
1.780000000000000000e+02
1.790000000000000000e+02
1.770000000000000000e+02
1.820000000000000000e+02
1.790000000000000000e+02
1.760000000000000000e+02
1.780000000000000000e+02
1.800000000000000000e+02
1.790000000000000000e+02
1.790000000000000000e+02
1.800000000000000000e+02
1.800000000000000000e+02
1.810000000000000000e+02
1.800000000000000000e+02
1.760000000000000000e+02
1.760000000000000000e+02
1.760000000000000000e+02
1.790000000000000000e+02
1.790000000000000000e+02
1.790000000000000000e+02
1.770000000000000000e+02
1.800000000000000000e+02
1.750000000000000000e+02
1.760000000000000000e+02
1.770000000000000000e+02
1.740000000000000000e+02
1.780000000000000000e+02
1.800000000000000000e+02
1.800000000000000000e+02
1.790000000000000000e+02
1.750000000000000000e+02
1.770000000000000000e+02
1.750000000000000000e+02
1.770000000000000000e+02
1.760000000000000000e+02
1.800000000000000000e+02
1.800000000000000000e+02
1.810000000000000000e+02
1.750000000000000000e+02
1.760000000000000000e+02
1.750000000000000000e+02
1.800000000000000000e+02
1.790000000000000000e+02
1.770000000000000000e+02
1.770000000000000000e+02
1.770000000000000000e+02
1.780000000000000000e+02
1.770000000000000000e+02
1.780000000000000000e+02
1.760000000000000000e+02
1.750000000000000000e+02
1.740000000000000000e+02
1.760000000000000000e+02
1.760000000000000000e+02
1.750000000000000000e+02
1.770000000000000000e+02
1.750000000000000000e+02
1.750000000000000000e+02
1.750000000000000000e+02
1.770000000000000000e+02
1.750000000000000000e+02
1.770000000000000000e+02
1.760000000000000000e+02
1.760000000000000000e+02
1.760000000000000000e+02
1.750000000000000000e+02
1.750000000000000000e+02
1.750000000000000000e+02
1.750000000000000000e+02
1.780000000000000000e+02
1.780000000000000000e+02
1.760000000000000000e+02
1.760000000000000000e+02
1.750000000000000000e+02
1.760000000000000000e+02
1.760000000000000000e+02
1.760000000000000000e+02
1.760000000000000000e+02
1.750000000000000000e+02
1.760000000000000000e+02
1.750000000000000000e+02
1.760000000000000000e+02
1.770000000000000000e+02
1.780000000000000000e+02
1.750000000000000000e+02
1.770000000000000000e+02
1.810000000000000000e+02
1.770000000000000000e+02
1.760000000000000000e+02
1.770000000000000000e+02
1.760000000000000000e+02
1.750000000000000000e+02
1.780000000000000000e+02
1.750000000000000000e+02
1.760000000000000000e+02
1.750000000000000000e+02
1.770000000000000000e+02
1.740000000000000000e+02
1.750000000000000000e+02
1.760000000000000000e+02
1.750000000000000000e+02
1.750000000000000000e+02
1.750000000000000000e+02
1.760000000000000000e+02
1.760000000000000000e+02
1.750000000000000000e+02
1.750000000000000000e+02
1.750000000000000000e+02
1.770000000000000000e+02
1.760000000000000000e+02
1.790000000000000000e+02
1.740000000000000000e+02
1.740000000000000000e+02
1.750000000000000000e+02
1.750000000000000000e+02
1.760000000000000000e+02
1.740000000000000000e+02
1.750000000000000000e+02
1.740000000000000000e+02
1.750000000000000000e+02
1.750000000000000000e+02
1.760000000000000000e+02
1.770000000000000000e+02
1.770000000000000000e+02
1.740000000000000000e+02
1.750000000000000000e+02
1.780000000000000000e+02
1.760000000000000000e+02
1.800000000000000000e+02
1.760000000000000000e+02
1.750000000000000000e+02
1.750000000000000000e+02
1.760000000000000000e+02
1.750000000000000000e+02
1.780000000000000000e+02
1.730000000000000000e+02
1.780000000000000000e+02
1.800000000000000000e+02
1.750000000000000000e+02
1.760000000000000000e+02
1.760000000000000000e+02
1.790000000000000000e+02
1.750000000000000000e+02
1.750000000000000000e+02
1.750000000000000000e+02
1.750000000000000000e+02
1.800000000000000000e+02
1.740000000000000000e+02
1.760000000000000000e+02
1.750000000000000000e+02
1.740000000000000000e+02
1.740000000000000000e+02
1.730000000000000000e+02
1.780000000000000000e+02
1.750000000000000000e+02
1.800000000000000000e+02
1.780000000000000000e+02
1.770000000000000000e+02
1.780000000000000000e+02
1.770000000000000000e+02
1.770000000000000000e+02
1.770000000000000000e+02
1.760000000000000000e+02
1.770000000000000000e+02
1.770000000000000000e+02
1.770000000000000000e+02
1.760000000000000000e+02
1.740000000000000000e+02
1.760000000000000000e+02
1.750000000000000000e+02
1.760000000000000000e+02
1.750000000000000000e+02
1.770000000000000000e+02
1.760000000000000000e+02
1.760000000000000000e+02
1.750000000000000000e+02
1.770000000000000000e+02
1.760000000000000000e+02
1.770000000000000000e+02
1.760000000000000000e+02
1.760000000000000000e+02
1.760000000000000000e+02
1.750000000000000000e+02
1.760000000000000000e+02
1.750000000000000000e+02
1.780000000000000000e+02
1.770000000000000000e+02
1.750000000000000000e+02
1.760000000000000000e+02
1.760000000000000000e+02
1.750000000000000000e+02
1.760000000000000000e+02
1.750000000000000000e+02
1.760000000000000000e+02
1.760000000000000000e+02
1.790000000000000000e+02
1.790000000000000000e+02
1.740000000000000000e+02
1.750000000000000000e+02
1.760000000000000000e+02
1.760000000000000000e+02
1.770000000000000000e+02
1.770000000000000000e+02
1.800000000000000000e+02
1.750000000000000000e+02
1.750000000000000000e+02
1.760000000000000000e+02
1.740000000000000000e+02
1.750000000000000000e+02
1.740000000000000000e+02
1.750000000000000000e+02
1.750000000000000000e+02
1.750000000000000000e+02
1.750000000000000000e+02
1.750000000000000000e+02
1.780000000000000000e+02
1.780000000000000000e+02
1.760000000000000000e+02
1.740000000000000000e+02
1.740000000000000000e+02
1.750000000000000000e+02
1.750000000000000000e+02
1.750000000000000000e+02
1.760000000000000000e+02
1.760000000000000000e+02
1.770000000000000000e+02
1.750000000000000000e+02
1.750000000000000000e+02
1.760000000000000000e+02
1.760000000000000000e+02
1.760000000000000000e+02
1.760000000000000000e+02
1.770000000000000000e+02
1.790000000000000000e+02
1.760000000000000000e+02
1.750000000000000000e+02
1.810000000000000000e+02
1.770000000000000000e+02
1.770000000000000000e+02
1.790000000000000000e+02
1.750000000000000000e+02
1.750000000000000000e+02
1.740000000000000000e+02
1.800000000000000000e+02
1.750000000000000000e+02
1.760000000000000000e+02
1.750000000000000000e+02
1.740000000000000000e+02
1.750000000000000000e+02
1.880000000000000000e+02
1.920000000000000000e+02
1.770000000000000000e+02
1.760000000000000000e+02
1.750000000000000000e+02
1.760000000000000000e+02
1.760000000000000000e+02
1.750000000000000000e+02
1.760000000000000000e+02
1.790000000000000000e+02
1.810000000000000000e+02
1.760000000000000000e+02
1.760000000000000000e+02
1.750000000000000000e+02
1.770000000000000000e+02
1.760000000000000000e+02
1.800000000000000000e+02
1.810000000000000000e+02
1.760000000000000000e+02
1.770000000000000000e+02
1.770000000000000000e+02
1.780000000000000000e+02
1.760000000000000000e+02
1.760000000000000000e+02
1.750000000000000000e+02
1.750000000000000000e+02
1.810000000000000000e+02
1.740000000000000000e+02
1.750000000000000000e+02
1.750000000000000000e+02
1.740000000000000000e+02
1.750000000000000000e+02
1.770000000000000000e+02
1.740000000000000000e+02
1.760000000000000000e+02
1.740000000000000000e+02
0.000000000000000000e+00
