4.869420577280932916e-01
8.700000000000000000e+01
9.100000000000000000e+01
9.400000000000000000e+01
9.700000000000000000e+01
9.800000000000000000e+01
9.700000000000000000e+01
9.600000000000000000e+01
9.600000000000000000e+01
9.400000000000000000e+01
9.300000000000000000e+01
9.300000000000000000e+01
9.200000000000000000e+01
9.200000000000000000e+01
9.100000000000000000e+01
9.100000000000000000e+01
9.000000000000000000e+01
9.100000000000000000e+01
9.100000000000000000e+01
9.000000000000000000e+01
8.900000000000000000e+01
8.900000000000000000e+01
8.900000000000000000e+01
8.900000000000000000e+01
8.900000000000000000e+01
8.800000000000000000e+01
8.700000000000000000e+01
8.800000000000000000e+01
8.800000000000000000e+01
8.700000000000000000e+01
8.800000000000000000e+01
8.700000000000000000e+01
8.500000000000000000e+01
8.500000000000000000e+01
8.500000000000000000e+01
8.400000000000000000e+01
8.500000000000000000e+01
8.500000000000000000e+01
8.500000000000000000e+01
8.400000000000000000e+01
8.500000000000000000e+01
8.400000000000000000e+01
8.400000000000000000e+01
8.400000000000000000e+01
8.400000000000000000e+01
8.300000000000000000e+01
8.400000000000000000e+01
8.400000000000000000e+01
8.500000000000000000e+01
8.400000000000000000e+01
8.300000000000000000e+01
8.300000000000000000e+01
8.300000000000000000e+01
8.400000000000000000e+01
8.300000000000000000e+01
8.300000000000000000e+01
8.300000000000000000e+01
8.300000000000000000e+01
8.300000000000000000e+01
8.200000000000000000e+01
8.300000000000000000e+01
8.300000000000000000e+01
8.300000000000000000e+01
8.200000000000000000e+01
8.400000000000000000e+01
8.400000000000000000e+01
8.300000000000000000e+01
8.300000000000000000e+01
8.300000000000000000e+01
8.200000000000000000e+01
8.200000000000000000e+01
8.300000000000000000e+01
8.300000000000000000e+01
8.200000000000000000e+01
8.300000000000000000e+01
8.300000000000000000e+01
8.300000000000000000e+01
8.300000000000000000e+01
8.300000000000000000e+01
8.300000000000000000e+01
8.300000000000000000e+01
8.400000000000000000e+01
8.300000000000000000e+01
8.300000000000000000e+01
1.680000000000000000e+02
1.670000000000000000e+02
1.690000000000000000e+02
1.720000000000000000e+02
1.770000000000000000e+02
1.840000000000000000e+02
1.840000000000000000e+02
1.900000000000000000e+02
1.920000000000000000e+02
1.860000000000000000e+02
1.930000000000000000e+02
1.930000000000000000e+02
1.900000000000000000e+02
1.890000000000000000e+02
1.890000000000000000e+02
1.880000000000000000e+02
1.910000000000000000e+02
1.870000000000000000e+02
1.840000000000000000e+02
1.860000000000000000e+02
1.910000000000000000e+02
1.910000000000000000e+02
1.850000000000000000e+02
1.830000000000000000e+02
1.820000000000000000e+02
1.830000000000000000e+02
1.840000000000000000e+02
1.840000000000000000e+02
1.830000000000000000e+02
1.810000000000000000e+02
1.820000000000000000e+02
1.800000000000000000e+02
1.800000000000000000e+02
1.810000000000000000e+02
1.800000000000000000e+02
1.800000000000000000e+02
1.800000000000000000e+02
1.800000000000000000e+02
1.800000000000000000e+02
1.810000000000000000e+02
1.800000000000000000e+02
1.800000000000000000e+02
1.800000000000000000e+02
1.800000000000000000e+02
1.800000000000000000e+02
1.800000000000000000e+02
1.800000000000000000e+02
1.800000000000000000e+02
1.800000000000000000e+02
1.790000000000000000e+02
1.800000000000000000e+02
1.800000000000000000e+02
1.800000000000000000e+02
1.800000000000000000e+02
1.800000000000000000e+02
1.790000000000000000e+02
1.800000000000000000e+02
1.800000000000000000e+02
1.800000000000000000e+02
1.800000000000000000e+02
1.800000000000000000e+02
1.780000000000000000e+02
1.810000000000000000e+02
1.810000000000000000e+02
1.820000000000000000e+02
1.810000000000000000e+02
1.800000000000000000e+02
1.840000000000000000e+02
1.810000000000000000e+02
1.810000000000000000e+02
1.810000000000000000e+02
1.800000000000000000e+02
1.810000000000000000e+02
1.820000000000000000e+02
1.810000000000000000e+02
1.800000000000000000e+02
1.810000000000000000e+02
1.810000000000000000e+02
1.810000000000000000e+02
1.810000000000000000e+02
1.890000000000000000e+02
1.890000000000000000e+02
1.850000000000000000e+02
1.900000000000000000e+02
1.810000000000000000e+02
1.810000000000000000e+02
1.810000000000000000e+02
1.800000000000000000e+02
1.790000000000000000e+02
1.790000000000000000e+02
1.810000000000000000e+02
1.800000000000000000e+02
1.790000000000000000e+02
1.800000000000000000e+02
1.790000000000000000e+02
1.900000000000000000e+02
1.900000000000000000e+02
1.880000000000000000e+02
1.900000000000000000e+02
1.810000000000000000e+02
9.700000000000000000e+01
9.600000000000000000e+01
9.600000000000000000e+01
9.700000000000000000e+01
9.700000000000000000e+01
9.700000000000000000e+01
9.700000000000000000e+01
9.900000000000000000e+01
1.010000000000000000e+02
9.700000000000000000e+01
9.900000000000000000e+01
9.800000000000000000e+01
9.800000000000000000e+01
9.800000000000000000e+01
1.050000000000000000e+02
1.050000000000000000e+02
1.060000000000000000e+02
1.040000000000000000e+02
1.020000000000000000e+02
1.000000000000000000e+02
1.050000000000000000e+02
1.030000000000000000e+02
1.060000000000000000e+02
9.700000000000000000e+01
9.700000000000000000e+01
9.600000000000000000e+01
9.600000000000000000e+01
1.050000000000000000e+02
1.020000000000000000e+02
1.040000000000000000e+02
9.700000000000000000e+01
1.040000000000000000e+02
1.030000000000000000e+02
9.600000000000000000e+01
1.010000000000000000e+02
1.020000000000000000e+02
9.600000000000000000e+01
9.700000000000000000e+01
9.600000000000000000e+01
9.700000000000000000e+01
9.800000000000000000e+01
1.020000000000000000e+02
9.700000000000000000e+01
1.030000000000000000e+02
1.020000000000000000e+02
1.030000000000000000e+02
9.600000000000000000e+01
9.500000000000000000e+01
9.500000000000000000e+01
9.500000000000000000e+01
9.500000000000000000e+01
9.500000000000000000e+01
9.600000000000000000e+01
9.500000000000000000e+01
9.500000000000000000e+01
9.500000000000000000e+01
9.500000000000000000e+01
9.500000000000000000e+01
9.500000000000000000e+01
9.400000000000000000e+01
9.500000000000000000e+01
9.600000000000000000e+01
9.700000000000000000e+01
9.500000000000000000e+01
9.400000000000000000e+01
9.400000000000000000e+01
9.500000000000000000e+01
9.400000000000000000e+01
9.500000000000000000e+01
9.500000000000000000e+01
9.400000000000000000e+01
9.900000000000000000e+01
1.050000000000000000e+02
9.800000000000000000e+01
9.700000000000000000e+01
9.400000000000000000e+01
9.600000000000000000e+01
9.600000000000000000e+01
9.500000000000000000e+01
9.500000000000000000e+01
9.500000000000000000e+01
9.600000000000000000e+01
9.400000000000000000e+01
9.600000000000000000e+01
9.600000000000000000e+01
9.400000000000000000e+01
9.400000000000000000e+01
9.400000000000000000e+01
9.500000000000000000e+01
9.500000000000000000e+01
9.400000000000000000e+01
9.300000000000000000e+01
9.400000000000000000e+01
9.400000000000000000e+01
9.400000000000000000e+01
9.500000000000000000e+01
9.400000000000000000e+01
9.300000000000000000e+01
9.400000000000000000e+01
9.400000000000000000e+01
9.300000000000000000e+01
9.600000000000000000e+01
9.300000000000000000e+01
9.500000000000000000e+01
9.500000000000000000e+01
9.400000000000000000e+01
9.600000000000000000e+01
9.500000000000000000e+01
9.800000000000000000e+01
9.400000000000000000e+01
9.300000000000000000e+01
9.400000000000000000e+01
9.300000000000000000e+01
9.400000000000000000e+01
9.300000000000000000e+01
9.300000000000000000e+01
9.500000000000000000e+01
9.600000000000000000e+01
9.700000000000000000e+01
9.800000000000000000e+01
9.700000000000000000e+01
9.500000000000000000e+01
9.400000000000000000e+01
9.300000000000000000e+01
9.200000000000000000e+01
9.200000000000000000e+01
9.400000000000000000e+01
9.300000000000000000e+01
9.600000000000000000e+01
9.300000000000000000e+01
9.400000000000000000e+01
9.200000000000000000e+01
9.200000000000000000e+01
9.400000000000000000e+01
9.200000000000000000e+01
9.200000000000000000e+01
9.100000000000000000e+01
9.400000000000000000e+01
9.400000000000000000e+01
9.100000000000000000e+01
9.500000000000000000e+01
9.500000000000000000e+01
9.400000000000000000e+01
9.300000000000000000e+01
9.200000000000000000e+01
9.600000000000000000e+01
9.100000000000000000e+01
9.700000000000000000e+01
9.600000000000000000e+01
9.300000000000000000e+01
9.100000000000000000e+01
9.300000000000000000e+01
9.100000000000000000e+01
9.100000000000000000e+01
9.200000000000000000e+01
9.200000000000000000e+01
9.100000000000000000e+01
9.100000000000000000e+01
9.100000000000000000e+01
9.200000000000000000e+01
9.500000000000000000e+01
1.000000000000000000e+02
9.200000000000000000e+01
9.800000000000000000e+01
1.000000000000000000e+02
9.800000000000000000e+01
9.200000000000000000e+01
9.500000000000000000e+01
9.900000000000000000e+01
9.700000000000000000e+01
9.300000000000000000e+01
9.100000000000000000e+01
1.000000000000000000e+02
9.900000000000000000e+01
9.200000000000000000e+01
9.200000000000000000e+01
9.300000000000000000e+01
9.300000000000000000e+01
9.100000000000000000e+01
9.400000000000000000e+01
9.500000000000000000e+01
9.000000000000000000e+01
9.600000000000000000e+01
9.000000000000000000e+01
9.000000000000000000e+01
9.000000000000000000e+01
9.000000000000000000e+01
9.100000000000000000e+01
1.010000000000000000e+02
9.800000000000000000e+01
9.800000000000000000e+01
9.600000000000000000e+01
9.300000000000000000e+01
9.100000000000000000e+01
9.000000000000000000e+01
9.900000000000000000e+01
9.600000000000000000e+01
9.100000000000000000e+01
9.400000000000000000e+01
9.200000000000000000e+01
1.010000000000000000e+02
9.000000000000000000e+01
9.300000000000000000e+01
9.000000000000000000e+01
9.500000000000000000e+01
9.300000000000000000e+01
9.100000000000000000e+01
9.000000000000000000e+01
9.100000000000000000e+01
9.100000000000000000e+01
9.200000000000000000e+01
9.100000000000000000e+01
9.100000000000000000e+01
9.100000000000000000e+01
9.200000000000000000e+01
9.000000000000000000e+01
9.200000000000000000e+01
9.100000000000000000e+01
9.100000000000000000e+01
9.200000000000000000e+01
9.200000000000000000e+01
9.100000000000000000e+01
9.000000000000000000e+01
9.800000000000000000e+01
9.100000000000000000e+01
9.200000000000000000e+01
9.200000000000000000e+01
9.100000000000000000e+01
9.100000000000000000e+01
9.100000000000000000e+01
9.000000000000000000e+01
9.100000000000000000e+01
9.000000000000000000e+01
9.100000000000000000e+01
9.000000000000000000e+01
9.100000000000000000e+01
9.000000000000000000e+01
9.000000000000000000e+01
9.000000000000000000e+01
9.200000000000000000e+01
9.100000000000000000e+01
9.000000000000000000e+01
9.000000000000000000e+01
9.000000000000000000e+01
9.300000000000000000e+01
9.100000000000000000e+01
9.100000000000000000e+01
9.100000000000000000e+01
9.100000000000000000e+01
9.100000000000000000e+01
9.000000000000000000e+01
9.100000000000000000e+01
9.200000000000000000e+01
9.000000000000000000e+01
9.100000000000000000e+01
9.000000000000000000e+01
9.000000000000000000e+01
9.200000000000000000e+01
9.000000000000000000e+01
8.900000000000000000e+01
9.100000000000000000e+01
9.100000000000000000e+01
9.000000000000000000e+01
9.100000000000000000e+01
9.000000000000000000e+01
9.500000000000000000e+01
8.900000000000000000e+01
9.000000000000000000e+01
8.900000000000000000e+01
9.200000000000000000e+01
9.100000000000000000e+01
9.000000000000000000e+01
9.000000000000000000e+01
9.000000000000000000e+01
9.100000000000000000e+01
9.100000000000000000e+01
9.100000000000000000e+01
9.100000000000000000e+01
9.100000000000000000e+01
9.000000000000000000e+01
9.100000000000000000e+01
9.200000000000000000e+01
9.100000000000000000e+01
9.000000000000000000e+01
9.100000000000000000e+01
9.100000000000000000e+01
9.100000000000000000e+01
9.000000000000000000e+01
9.100000000000000000e+01
9.000000000000000000e+01
9.000000000000000000e+01
9.000000000000000000e+01
9.100000000000000000e+01
9.000000000000000000e+01
9.100000000000000000e+01
9.200000000000000000e+01
9.000000000000000000e+01
9.000000000000000000e+01
9.200000000000000000e+01
9.000000000000000000e+01
9.000000000000000000e+01
9.000000000000000000e+01
9.300000000000000000e+01
9.000000000000000000e+01
9.000000000000000000e+01
9.000000000000000000e+01
9.000000000000000000e+01
9.600000000000000000e+01
9.100000000000000000e+01
9.700000000000000000e+01
9.000000000000000000e+01
9.000000000000000000e+01
9.100000000000000000e+01
9.100000000000000000e+01
9.000000000000000000e+01
9.200000000000000000e+01
9.400000000000000000e+01
9.200000000000000000e+01
9.400000000000000000e+01
9.400000000000000000e+01
9.400000000000000000e+01
9.000000000000000000e+01
9.400000000000000000e+01
9.400000000000000000e+01
9.000000000000000000e+01
9.100000000000000000e+01
8.900000000000000000e+01
9.000000000000000000e+01
9.000000000000000000e+01
9.100000000000000000e+01
8.900000000000000000e+01
9.000000000000000000e+01
9.000000000000000000e+01
8.900000000000000000e+01
9.000000000000000000e+01
9.100000000000000000e+01
9.000000000000000000e+01
8.900000000000000000e+01
9.000000000000000000e+01
9.000000000000000000e+01
9.000000000000000000e+01
9.100000000000000000e+01
9.000000000000000000e+01
9.000000000000000000e+01
9.100000000000000000e+01
9.066666666666667140e+01
9.033333333333332860e+01
9.000000000000000000e+01
9.100000000000000000e+01
9.000000000000000000e+01
8.900000000000000000e+01
9.100000000000000000e+01
9.000000000000000000e+01
9.100000000000000000e+01
8.900000000000000000e+01
9.000000000000000000e+01
8.900000000000000000e+01
9.000000000000000000e+01
9.100000000000000000e+01
9.200000000000000000e+01
9.100000000000000000e+01
9.100000000000000000e+01
9.000000000000000000e+01
9.000000000000000000e+01
9.100000000000000000e+01
9.100000000000000000e+01
9.300000000000000000e+01
9.000000000000000000e+01
9.100000000000000000e+01
9.000000000000000000e+01
9.100000000000000000e+01
9.100000000000000000e+01
9.000000000000000000e+01
9.000000000000000000e+01
9.000000000000000000e+01
9.000000000000000000e+01
8.900000000000000000e+01
9.000000000000000000e+01
9.000000000000000000e+01
9.000000000000000000e+01
9.100000000000000000e+01
9.000000000000000000e+01
9.100000000000000000e+01
9.000000000000000000e+01
9.000000000000000000e+01
9.100000000000000000e+01
9.000000000000000000e+01
9.100000000000000000e+01
9.100000000000000000e+01
9.200000000000000000e+01
9.100000000000000000e+01
9.000000000000000000e+01
8.300000000000000000e+01
8.400000000000000000e+01
8.400000000000000000e+01
9.000000000000000000e+01
8.900000000000000000e+01
9.000000000000000000e+01
9.200000000000000000e+01
9.000000000000000000e+01
9.000000000000000000e+01
9.000000000000000000e+01
8.400000000000000000e+01
8.300000000000000000e+01
8.300000000000000000e+01
8.900000000000000000e+01
9.000000000000000000e+01
8.900000000000000000e+01
9.000000000000000000e+01
9.000000000000000000e+01
8.900000000000000000e+01
9.100000000000000000e+01
9.600000000000000000e+01
1.080000000000000000e+02
1.080000000000000000e+02
1.040000000000000000e+02
1.080000000000000000e+02
1.130000000000000000e+02
1.070000000000000000e+02
1.050000000000000000e+02
1.050000000000000000e+02
1.040000000000000000e+02
1.040000000000000000e+02
1.040000000000000000e+02
1.050000000000000000e+02
1.050000000000000000e+02
1.050000000000000000e+02
1.060000000000000000e+02
1.050000000000000000e+02
1.050000000000000000e+02
1.050000000000000000e+02
1.050000000000000000e+02
1.030000000000000000e+02
1.040000000000000000e+02
1.040000000000000000e+02
1.030000000000000000e+02
1.040000000000000000e+02
1.030000000000000000e+02
1.060000000000000000e+02
1.030000000000000000e+02
1.040000000000000000e+02
1.030000000000000000e+02
1.030000000000000000e+02
1.040000000000000000e+02
1.030000000000000000e+02
1.050000000000000000e+02
1.030000000000000000e+02
1.030000000000000000e+02
1.050000000000000000e+02
1.030000000000000000e+02
1.030000000000000000e+02
1.030000000000000000e+02
1.020000000000000000e+02
1.030000000000000000e+02
1.050000000000000000e+02
1.050000000000000000e+02
0.000000000000000000e+00
